0 : 32, 107, 108, 13
1 : 73, 108
2 : 8, 66, 108
3 : 99, 70, 6, 108, 13, 38
4 : 88, 65, 18, 108, 22
5 : 97, 11, 107, 108, 46, 111, 114, 87, 55, 93
6 : 3, 100, 39, 108, 80, 63
7 : 39, 12, 108, 77, 110, 111, 48, 114, 86
8 : 2, 108, 66, 13, 23, 111
9 : 108, 43, 52, 63
10 : 74, 108, 53, 37
11 : 24, 108, 5, 30, 87
12 : 75, 108, 7
13 : 0, 3, 102, 8, 108, 72, 18
14 : 76, 18, 75, 108, 86
15 : 88, 108, 69
16 : 114, 19, 108, 93, 95
17 : 108, 93, 30
18 : 4, 103, 106, 108, 13, 14, 113, 82, 29
19 : 16, 108, 58, 100, 41
20 : 73, 108, 47
21 : 36, 108, 45, 95
22 : 96, 67, 4, 108, 87, 27
23 : 97, 69, 8, 107, 108, 85, 86, 88, 61
24 : 36, 11, 108, 111, 52, 100
25 : 88, 108, 85
26 : 105, 51, 108, 85
27 : 65, 108, 22, 95
28 : 97, 69, 38, 108, 116, 85
29 : 89, 18, 100, 108
30 : 11, 71, 104, 107, 108, 17
31 : 49, 82, 87, 108, 55
32 : 0, 108, 45
33 : 108
34 : 80, 108, 55
35 : 108, 44
36 : 24, 108, 21, 46
37 : 112, 10, 108, 78
38 : 3, 74, 108, 79, 83, 85, 28, 61
39 : 6, 70, 7, 108, 80, 114, 85, 94
40 : 108, 67, 76, 79
41 : 104, 42, 19, 108, 111
42 : 41, 108, 102
43 : 9, 108, 77, 111, 115, 61
44 : 35, 108, 94
45 : 32, 115, 108, 21, 55
46 : 51, 36, 5, 105, 74, 108, 115, 55
47 : 72, 20, 114, 108
48 : 103, 108, 7, 60, 55
49 : 102, 72, 108, 81, 50, 51, 85, 31
50 : 49, 58, 108
51 : 49, 108, 46, 81, 26, 61
52 : 99, 9, 108, 81, 82, 24
53 : 10, 108
54 : 112, 81, 108
55 : 34, 5, 108, 45, 46, 48, 31
56 : 66, 72, 75, 108, 77, 95
57 : 74, 108, 110
58 : 106, 19, 108, 50, 103
59 : 108
60 : 48, 108
61 : 68, 38, 43, 108, 77, 109, 51, 23
62 : 92, 67, 108, 86, 63
63 : 72, 9, 108, 62, 6
64 : 108, 116, 94, 73
65 : 108, 83, 27, 4
66 : 56, 8, 2, 108
67 : 40, 82, 108, 62, 22
68 : 108, 61
69 : 15, 108, 83, 28, 23
70 : 3, 108, 39
71 : 98, 108, 77, 30
72 : 101, 108, 13, 47, 49, 56, 63
73 : 64, 1, 20, 94, 108
74 : 38, 10, 108, 46, 110, 57, 93
75 : 56, 12, 108, 14
76 : 103, 40, 108, 14, 85, 88
77 : 71, 43, 108, 56, 7, 90, 91, 61
78 : 108, 37
79 : 40, 108, 38, 103
80 : 34, 108, 6, 39
81 : 106, 108, 49, 51, 52, 54
82 : 67, 108, 112, 18, 52, 94, 31
83 : 65, 108, 109, 38, 69
84 : 104, 108, 101
85 : 38, 39, 108, 76, 49, 23, 25, 26, 28
86 : 103, 7, 108, 14, 23, 93, 62
87 : 11, 108, 5, 22, 31
88 : 4, 103, 76, 108, 15, 116, 23, 25
89 : 112, 92, 108, 29
90 : 108, 77, 102
91 : 97, 108, 77, 111
92 : 89, 114, 108, 62
93 : 5, 74, 108, 16, 17, 86
94 : 64, 39, 108, 107, 44, 82, 115, 73
95 : 101, 108, 16, 21, 56, 27
96 : 108, 98, 116, 22
97 : 5, 108, 111, 114, 23, 91, 28
98 : 96, 99, 108, 71
99 : 52, 98, 3, 108, 103
100 : 24, 19, 108, 29, 6
101 : 72, 84, 108, 95
102 : 106, 108, 13, 49, 90, 42
103 : 99, 108, 76, 79, 48, 18, 86, 88, 58
104 : 84, 108, 30, 41
105 : 26, 115, 108, 46
106 : 81, 58, 108, 18, 102
107 : 0, 5, 108, 94, 23, 30
108 : 0, 1, 2, 3, 4, 5, 6, 7, 8, 9, 10, 11, 12, 13, 14, 15, 16, 17, 18, 19, 20, 21, 22, 23, 24, 25, 26, 27, 28, 29, 30, 31, 32, 33, 34, 35, 36, 37, 38, 39, 40, 41, 42, 43, 44, 45, 46, 47, 48, 49, 50, 51, 52, 53, 54, 55, 56, 57, 58, 59, 60, 61, 62, 63, 64, 65, 66, 67, 68, 69, 70, 71, 72, 73, 74, 75, 76, 77, 78, 79, 80, 81, 82, 83, 84, 85, 86, 87, 88, 89, 90, 91, 92, 93, 94, 95, 96, 97, 98, 99, 100, 101, 102, 103, 104, 105, 106, 107, 109, 110, 111, 112, 113, 114, 115, 116
109 : 83, 108, 61
110 : 57, 74, 108, 7
111 : 97, 5, 7, 8, 41, 43, 108, 115, 24, 91
112 : 89, 82, 108, 37, 54
113 : 18, 108
114 : 97, 5, 7, 39, 108, 47, 16, 92
115 : 105, 43, 108, 45, 46, 111, 94
116 : 96, 64, 108, 88, 28