0 : 104, 49, 101, 110, 69
1 : 32, 100, 101, 40, 110, 49
2 : 101, 77, 110, 49, 23, 31
3 : 101, 103, 109, 110, 47, 49, 90
4 : 43, 101, 107, 110, 49, 19
5 : 101, 7, 10, 110, 49, 21, 87, 26
6 : 49, 93, 110, 101
7 : 49, 101, 53, 110, 5
8 : 32, 101, 11, 77, 110, 79, 49, 115, 28, 30
9 : 37, 110, 49, 90, 29, 101
10 : 34, 37, 110, 49, 87, 101, 94, 5
11 : 69, 8, 110, 49, 20, 101
12 : 49, 19, 101, 110, 29
13 : 32, 101, 74, 110, 49, 18
14 : 101, 110, 49, 56, 92, 31
15 : 97, 101, 65, 110, 79, 49, 116, 53, 59
16 : 96, 49, 90, 101, 110
17 : 97, 101, 72, 105, 110, 49, 62
18 : 96, 35, 101, 13, 110, 49
19 : 34, 67, 4, 101, 39, 41, 12, 110, 49, 55
20 : 33, 68, 101, 105, 11, 110, 49, 83, 54
21 : 35, 101, 41, 75, 110, 49, 73, 57, 5
22 : 101, 71, 107, 110, 49, 24
23 : 64, 65, 34, 101, 2, 110, 49, 24, 25
24 : 64, 66, 35, 100, 101, 110, 49, 22, 23, 60
25 : 101, 110, 112, 49, 23, 90
26 : 32, 33, 101, 110, 49, 5
27 : 101, 74, 110, 48, 49, 52
28 : 8, 49, 101, 110, 31
29 : 34, 101, 49, 9, 12, 110, 113
30 : 101, 8, 73, 109, 110, 79, 48, 49
31 : 96, 2, 101, 72, 28, 76, 34, 14, 109, 49, 110, 92
32 : 1, 101, 8, 13, 110, 112, 49, 46, 26
33 : 65, 35, 101, 46, 49, 20, 110, 26
34 : 97, 101, 10, 55, 78, 49, 19, 110, 23, 91, 29, 31
35 : 33, 66, 101, 110, 49, 18, 21, 24
36 : 49, 116, 101, 110, 44
37 : 101, 103, 9, 10, 107, 110, 49, 89
38 : 101, 70, 43, 110, 79, 49, 86, 47, 69
39 : 101, 81, 110, 49, 19, 52, 90
40 : 1, 101, 110, 49, 62, 63
41 : 101, 110, 49, 19, 21, 91
42 : 101, 103, 72, 44, 110, 47, 49, 50, 46
43 : 4, 101, 38, 49, 110, 48, 81
44 : 49, 42, 36, 101, 110
45 : 49, 46, 101, 110
46 : 32, 33, 68, 101, 42, 45, 110, 49
47 : 3, 101, 38, 104, 42, 110, 111, 49, 58
48 : 43, 101, 75, 110, 49, 53, 27, 30
49 : 0, 1, 2, 3, 4, 5, 6, 7, 8, 9, 10, 11, 12, 13, 14, 15, 16, 17, 18, 19, 20, 21, 22, 23, 24, 25, 26, 27, 28, 29, 30, 31, 32, 33, 34, 35, 36, 37, 38, 39, 40, 41, 42, 43, 44, 45, 46, 47, 48, 50, 51, 52, 53, 54, 55, 56, 57, 58, 59, 60, 61, 62, 63, 64, 65, 66, 67, 68, 69, 70, 71, 72, 73, 74, 75, 76, 77, 78, 79, 80, 81, 82, 83, 84, 85, 86, 87, 88, 89, 90, 91, 92, 93, 94, 95, 96, 97, 98, 99, 100, 101, 102, 103, 104, 105, 106, 107, 108, 109, 110, 111, 112, 113, 114, 115, 116
50 : 96, 101, 72, 106, 110, 49, 42
51 : 101, 73, 106, 108, 110, 49, 52, 84, 60
52 : 66, 101, 39, 110, 49, 51, 27
53 : 64, 101, 7, 77, 110, 15, 48, 49, 83, 55, 56
54 : 64, 49, 20, 101, 110
55 : 34, 101, 104, 110, 111, 49, 19, 53
56 : 49, 101, 110, 14, 53
57 : 97, 101, 110, 49, 21, 62
58 : 49, 101, 110, 47
59 : 49, 101, 110, 15
60 : 101, 110, 49, 51, 24, 88
61 : 49, 101, 62, 110, 87
62 : 101, 17, 40, 110, 49, 57, 61
63 : 64, 65, 101, 40, 110, 49
64 : 100, 101, 110, 49, 53, 54, 23, 24, 63
65 : 33, 101, 110, 15, 49, 23, 69, 63
66 : 35, 101, 71, 110, 49, 52, 24
67 : 96, 101, 110, 49, 19, 116
68 : 98, 101, 113, 73, 46, 49, 20, 110
69 : 0, 65, 101, 38, 11, 110, 49, 85
70 : 101, 38, 108, 110, 49, 90
71 : 49, 66, 22, 110, 101
72 : 101, 49, 42, 110, 17, 50, 106, 31
73 : 68, 101, 110, 49, 51, 21, 86, 30, 95
74 : 49, 27, 13, 110, 101
75 : 48, 101, 110, 112, 49, 21
76 : 49, 31, 101, 110, 103
77 : 2, 101, 8, 110, 112, 49, 114, 53
78 : 34, 101, 110, 49, 116, 86
79 : 99, 101, 38, 8, 110, 15, 49, 30
80 : 49, 101, 110
81 : 101, 39, 43, 110, 49, 103
82 : 49, 101, 110
83 : 101, 110, 111, 49, 20, 53
84 : 96, 98, 101, 108, 110, 49, 51
85 : 98, 101, 105, 110, 49, 69
86 : 101, 38, 73, 78, 49, 110
87 : 101, 10, 110, 49, 61, 5
88 : 49, 90, 60, 101, 110
89 : 49, 37, 110, 101
90 : 3, 101, 70, 39, 9, 110, 16, 49, 114, 105, 88, 25
91 : 41, 34, 101, 110, 49
92 : 101, 107, 14, 49, 110, 31
93 : 49, 110, 6, 101
94 : 49, 10, 101, 110
95 : 49, 114, 101, 110, 73
96 : 67, 100, 101, 104, 50, 110, 111, 16, 49, 18, 84, 114, 31
97 : 34, 101, 49, 110, 15, 17, 116, 57
98 : 68, 101, 110, 49, 114, 84, 85
99 : 49, 101, 110, 79
100 : 64, 96, 101, 1, 110, 49, 24
101 : 0, 1, 2, 3, 4, 5, 6, 7, 8, 9, 10, 11, 12, 13, 14, 15, 16, 17, 18, 19, 20, 21, 22, 23, 24, 25, 26, 27, 28, 29, 30, 31, 32, 33, 34, 35, 36, 37, 38, 39, 40, 41, 42, 43, 44, 45, 46, 47, 48, 49, 50, 51, 52, 53, 54, 55, 56, 57, 58, 59, 60, 61, 62, 63, 64, 65, 66, 67, 68, 69, 70, 71, 72, 73, 74, 75, 76, 77, 78, 79, 80, 81, 82, 83, 84, 85, 86, 87, 88, 89, 90, 91, 92, 93, 94, 95, 96, 97, 98, 99, 100, 102, 103, 104, 105, 106, 107, 108, 109, 110, 111, 112, 113, 114, 115, 116
102 : 49, 108, 101, 110
103 : 3, 37, 49, 42, 76, 110, 81, 101
104 : 96, 0, 101, 110, 47, 49, 55
105 : 101, 17, 110, 112, 49, 20, 85, 90
106 : 101, 72, 110, 49, 50, 51
107 : 4, 37, 110, 49, 22, 92, 101
108 : 101, 70, 110, 49, 51, 84, 102
109 : 3, 101, 110, 49, 115, 30, 31
110 : 0, 1, 2, 3, 4, 5, 6, 7, 8, 9, 10, 11, 12, 13, 14, 15, 16, 17, 18, 19, 20, 21, 22, 23, 24, 25, 26, 27, 28, 29, 30, 31, 32, 33, 34, 35, 36, 37, 38, 39, 40, 41, 42, 43, 44, 45, 46, 47, 48, 49, 50, 51, 52, 53, 54, 55, 56, 57, 58, 59, 60, 61, 62, 63, 64, 65, 66, 67, 68, 69, 70, 71, 72, 73, 74, 75, 76, 77, 78, 79, 80, 81, 82, 83, 84, 85, 86, 87, 88, 89, 90, 91, 92, 93, 94, 95, 96, 97, 98, 99, 100, 101, 102, 103, 104, 105, 106, 107, 108, 109, 111, 112, 113, 114, 115, 116
111 : 96, 101, 110, 47, 49, 83, 55
112 : 32, 101, 105, 75, 77, 110, 49, 25
113 : 68, 101, 110, 49, 116, 29
114 : 96, 98, 101, 77, 110, 49, 90, 95
115 : 101, 8, 109, 110, 49, 116
116 : 97, 67, 36, 101, 113, 110, 15, 49, 115, 78